960
908
915
949
760
751
775
478
980
940
487
535
638
636
154
829
769
898
683
262
897
971
120
204
739
825
884
974
855
457
795
872
564
719
835
806
966
800
67
178
892
935
495
312
186
280
356
977
658
624
106
681
639
545
134
173
571
285
504
184
673
252
863
947
244
772
480
87
390
357
546
698
654
979
205
705
563
684
584
973
313
359
868
81
395
231
927
710
509
476
744
696
423
983
305
613
290
520
73
633
526
66
748
812
732
811
422
11
901
85
399
766
255
77
508
264
510
163
804
771
461
132
997
493
850
70
547
785
797
656
726
30
86
723
733
167
411
746
109
600
790
549
292
462
293
784
444
802
910
729
803
227
603
364
758
272
736
75
649
189
482
471
752
870
216
95
238
466
583
200
327
354
475
22
842
1
384
460
862
114
169
541
888
819
999
580
136
40
142
310
219
856
347
418
709
796
809
288
481
801
346
598
652
286
903
731
502
930
982
433
763
316
150
434
716
90
484
902
662
617
786
599
962
358
615
57
581
319
820
76
199
343
517
780
576
220
548
235
691
315
263
307
377
515
123
963
289
702
190
56
51
767
342
597
158
568
121
669
765
375
539
611
670
195
118
371
34
779
366
808
420
937
122
449
147
295
991
810
601
428
445
218
604
322
47
678
533
671
168
113
242
279
904
553
998
325
651
844
834
229
989
23
629
640
588
859
521
350
753
556
13
283
585
558
25
38
722
569
647
278
623
294
36
45
682
794
896
534
642
99
799
352
573
392
887
170
8
146
518
712
393
918
431
328
721
321
233
145
740
707
693
287
345
435
430
151
677
58
341
149
770
822
561
706
380
968
864
514
735
228
102
107
836
470
421
486
965
814
690
258
995
501
49
185
524
314
957
830
538
400
665
89
970
565
747
789
992
943
427
497
969
730
865
391
498
816
523
6
97
946
659
755
309
675
537
137
666
605
269
479
833
376
557
245
265
19
883
260
467
177
141
397
60
637
188
180
374
335
329
39
916
592
848
941
452
296
171
551
196
655
197
851
353
951
202
925
382
625
55
251
355
291
42
660
368
572
303
986
84
749
463
575
608
743
821
454
567
889
503
674
74
271
223
164
922
326
878
621
53
838
955
679
513
101
4
469
993
873
936
426
410
413
91
439
661
907
490
2
552
920
93
531
222
938
247
987
35
933
500
215
578
261
394
680
843
582
429
125
668
270
131
627
554
249
226
277
135
387
336
68
921
532
586
210
110
323
894
634
138
79
128
24
506
166
161
304
297
701
111
174
383
734
645
367
32
207
527
609
129
491
727
275
20
626
528
406
176
175
451
813
885
172
906
692
485
152
981
845
26
689
590
127
886
52
396
282
31
28
815
182
787
879
116
956
401
489
926
17
240
112
483
750
94
644
714
259
217
614
119
311
416
254
156
964
876
788
348
663
404
179
165
700
18
332
473
187
153
774
685
536
869
494
299
10
641
386
250
193
570
899
302
276
441
913
577
398
239
415
725
924
378
432
562
459
738
630
900
446
664
243
103
105
61
687
403
839
782
246
351
994
69
284
381
206
402
695
63
64
945
362
162
928
917
861
3
618
83
425
212
257
236
43
344
620
975
596
704
443
854
214
155
880
237
728
440
529
961
349
267
826
224
458
100
424
631
414
88
858
764
104
21
877
0
241
776
798
65
230
455
616
757
948
606
591
846
474
589
972
841
718
9
996
967
198
890
837
519
832
468
919
530
248
525
882
72
148
516
130
952
203
610
781
667
745
619
754
686
777
317
477
48
96
412
337
333
942
306
622
133
628
320
632
372
208
436
950
544
643
108
256
720
419
923
860
450
370
550
579
909
635
409
867
339
818
650
543
724
274
442
768
893
27
126
672
522
50
12
78
389
115
914
16
159
849
711
373
805
857
828
657
985
59
866
542
301
824
762
602
234
379
29
191
464
895
499
194
46
905
931
792
340
417
566
881
300
140
694
708
221
438
192
741
807
593
939
953
281
827
540
713
944
984
778
273
793
124
388
117
80
612
756
14
71
912
472
437
676
559
840
488
15
783
688
823
875
225
853
978
209
954
308
791
266
874
587
911
871
201
646
492
92
699
560
976
405
653
268
555
847
157
988
143
512
98
213
703
465
318
715
363
831
181
37
929
324
990
54
511
447
144
407
330
697
595
891
211
82
331
594
361
456
648
369
183
232
365
338
761
717
934
334
959
742
759
5
298
41
160
496
448
253
932
817
385
737
139
958
44
507
852
360
33
574
607
62
408
7
505
453
773
