88
123
92
177
71
104
34
117
195
47
105
168
176
165
93
83
194
102
152
161
188
31
27
89
84
178
145
68
157
124
197
170
91
133
115
36
140
87
155
118
45
28
48
112
111
61
76
58
9
154
164
114
16
17
150
20
119
10
129
149
96
63
198
185
186
172
98
108
37
183
56
1
184
113
2
196
24
13
69
106
70
143
122
5
181
52
180
75
49
171
12
59
6
192
120
146
79
15
121
14
137
22
3
187
166
62
21
38
153
116
138
57
141
147
51
128
173
189
100
42
33
199
163
174
85
4
109
90
26
77
54
156
97
125
103
94
158
78
131
148
29
162
8
179
82
126
65
151
99
19
43
159
127
30
18
25
136
44
55
53
130
160
135
110
32
11
66
23
80
182
74
60
67
7
169
50
134
35
41
167
142
39
95
72
144
191
101
86
73
193
64
132
40
175
81
139
107
190
46
