0284
0159
0230
0394
0115
0309
0016
0004
0398
0135
0036
0021
0093
0158
0142
0337
0368
0314
0260
0183
0198
0353
0143
0224
0263
0108
0391
0059
0361
0280
0381
0113
0178
0020
0022
0345
0282
0347
0086
0102
0026
0372
0125
0061
0191
0336
0371
0279
0395
0185
0387
0076
0184
0124
0148
0308
0196
0245
0396
0349
0024
0109
0288
0317
0193
0385
0119
0362
0186
0350
0038
0181
0023
0222
0319
0242
0376
0339
0294
0253
0393
0218
0348
0092
0312
0014
0052
0278
0354
0175
0031
0360
0174
0304
0351
0237
0144
0357
0114
0228
0341
0338
0168
0037
0154
0311
0072
0055
0162
0180
0053
0327
0187
0094
0123
0258
0378
0141
0397
0096
0121
0118
0217
0251
0101
0042
0131
0331
0373
0007
0161
0366
0265
0272
0227
0383
0200
0030
0103
0116
0335
0262
0290
0050
0147
0010
0326
0255
0315
0234
0002
0137
0293
0079
0073
0333
0130
0087
0153
0243
0043
0100
0167
0344
0069
0356
0117
0150
0252
0363
0286
0006
0390
0320
0264
0085
0220
0211
0090
0067
0388
0342
0266
0080
0365
0328
0058
0082
0105
0166
0156
0219
0197
0268
0155
0139
0106
0132
0369
0386
0213
0195
0163
0095
0170
0270
0257
0039
0321
0295
0091
0207
0273
0017
0374
0084
0068
0011
0306
0389
0323
0377
0063
0098
0081
0111
0247
0301
0246
0316
0261
0215
0071
0231
0044
0065
0221
0201
0192
0370
0285
0066
0244
0074
0340
0013
0307
0269
0136
0392
0018
0027
0302
0318
0249
0182
0289
0281
0343
0346
0160
0047
0330
0358
0334
0034
0040
0128
0238
0062
0199
0250
0126
0127
0296
0233
0380
0292
0008
0298
0078
0367
0056
0097
0099
0089
0015
0212
0276
0104
0041
0313
0214
0275
0209
0176
0216
0129
0355
0297
0169
0271
0205
0384
0177
0325
0012
0248
0379
0060
0134
0305
0035
0303
0033
0229
0310
0046
0152
0009
0120
0145
0138
0291
0322
0382
0110
0256
0202
0107
0277
0049
0239
0194
0151
0188
0165
0189
0064
0226
0236
0140
0057
0028
0164
0051
0172
0206
0003
0083
0274
0283
0223
0157
0203
0032
0329
0112
0171
0045
0005
0287
0399
0204
0235
0173
0149
0364
0240
0299
0332
0133
0179
0019
0070
0001
0088
0025
0225
0122
0254
0048
0241
0300
0375
0075
0146
0232
0324
0267
0054
0359
0208
0259
0077
0210
0029
0190
0352
