1	0.8444218515250481
2	0.7579544029403025
3	0.420571580830845
4	0.25891675029296335
5	0.5112747213686085
6	0.4049341374504143
7	0.7837985890347726
8	0.30331272607892745
9	0.4765969541523558
10	0.5833820394550312
11	0.9081128851953352
12	0.5046868558173903
13	0.28183784439970383
14	0.7558042041572239
15	0.6183689966753316
16	0.25050634136244054
17	0.9097462559682401
18	0.9827854760376531
19	0.8102172359965896
20	0.9021659504395827
21	0.3101475693193326
22	0.7298317482601286
23	0.8988382879679935
24	0.6839839319154413
25	0.47214271545271336
26	0.1007012080683658
27	0.4341718354537837
28	0.6108869734438016
29	0.9130110532378982
30	0.9666063677707588
31	0.47700977655271704
32	0.8653099277716401
33	0.2604923103919594
34	0.8050278270130223
35	0.5486993038355893
36	0.014041700164018955
37	0.7197046864039541
38	0.39882354222426875
39	0.824844977148233
40	0.6681532012318508
41	0.0011428193144282783
42	0.49357786646532464
43	0.8676027754927809
44	0.24391087688713198
45	0.32520436274739006
46	0.8704712321086546
47	0.19106709150239054
48	0.5675107406206719
49	0.23861592861522019
50	0.9675402502901433
51	0.80317946927987
52	0.44796957143557037
53	0.08044581855253541
54	0.32005460467254576
55	0.5079406425205739
56	0.9328338242269067
57	0.10905784593110368
58	0.5512672460905512
59	0.7065614098668896
60	0.5474409113284238
61	0.814466863291336
62	0.540283606970324
63	0.9638385459738009
64	0.603185627961383
65	0.5876170641754364
66	0.4449890262755162
67	0.5962868615831063
68	0.38490114597266045
69	0.5756510141648885
70	0.290329502402758
71	0.18939132855435614
72	0.1867295282555551
73	0.6127731798686067
74	0.6566593889896288
75	0.47653099200938076
76	0.08982436119559367
77	0.7576039219664368
78	0.8767703708227748
79	0.9233810159462806
80	0.8424602231401824
81	0.898173121357879
82	0.9230824398201768
83	0.5405999249480544
84	0.3912960502346249
85	0.7052833998544062
86	0.27563412131212717
87	0.8116287085078785
88	0.8494859651863671
89	0.8950389674266752
90	0.5898011835311598
91	0.9497648732321206
92	0.5796950107456059
93	0.4505631066311552
94	0.660245378622389
95	0.9962578393535727
96	0.9169412179474561
97	0.7933250841302242
98	0.0823729881966474
99	0.6127831050407122
100	0.4864442019691668
101	0.6301473404114728
102	0.8450775756715152
103	0.24303562206185625
104	0.7314892207908478
105	0.11713429320851798
106	0.22046053686782852
107	0.7945829717105759
108	0.33253614921965546
109	0.8159130965336595
110	0.1006075202160962
111	0.14635848891230385
112	0.6976706401912388
113	0.04523406786561235
114	0.5738660367891669
115	0.9100160146990397
116	0.534197968260724
117	0.6805891325622565
118	0.026696794662205203
119	0.6349999099114583
120	0.6063384177542189
121	0.5759529480315407
122	0.3912094093228269
123	0.3701399403351875
124	0.9805166506472687
125	0.036392037611485795
126	0.021636509855024078
127	0.9610312802396112
128	0.18497194139743833
129	0.12389516442443171
130	0.21057650988664645
131	0.8007465903541809
132	0.9369691586445807
133	0.022782575668658378
134	0.42561883196681716
135	0.10150021937416975
136	0.259919889792832
137	0.22082927131631735
138	0.6469257198353225
139	0.3502939673965323
140	0.18031790152968785
141	0.5036365052098872
142	0.03937870708469238
143	0.10092124118896661
144	0.9882351487225011
145	0.19935579046706298
146	0.35855530131160185
147	0.7315983062253606
148	0.8383265651934163
149	0.9184820619953314
150	0.16942460609746768
151	0.6726405635730526
152	0.9665489030431832
153	0.05805094382649867
154	0.6762017842993783
155	0.8454245937016164
156	0.342312541078584
157	0.25068733928511167
158	0.596791393469411
159	0.44231403369907896
160	0.17481948445144113
161	0.47162541509628797
162	0.40990539565755457
163	0.5691127395242802
164	0.5086001300626332
165	0.3114460010002068
166	0.35715168259026286
167	0.837661174368979
168	0.25093266482213705
169	0.560600218853524
170	0.012436318829314397
171	0.7415743774106636
172	0.3359165544734606
173	0.04569649356841665
174	0.28088316421834825
175	0.24013040782635398
176	0.9531293398277989
177	0.35222556151550743
178	0.2878779148564
179	0.35920119725374633
180	0.9469058356578911
181	0.6337478522492526
182	0.6210768456186673
183	0.7156193503014563
184	0.38801723531250565
185	0.4144179882772473
186	0.650832862263345
187	0.001524221856720187
188	0.1923095412446758
189	0.3344016906625016
190	0.23941596018595857
191	0.6373994011293003
192	0.37864807032309444
193	0.8754233917130172
194	0.5681514209101919
195	0.4144063966836443
196	0.40226707511907955
197	0.7018296239336754
198	0.41822655329246605
199	0.6621958889738174
200	0.04677968595679827
201	0.44535218971882984
202	0.25922692344722276
203	0.15768657212231085
204	0.5275731301676146
205	0.48726560106903205
206	0.5614049256144269
207	0.7554847672586825
208	0.8838751542487009
209	0.4945826703752868
210	0.31205824641687296
211	0.46689223535252355
212	0.8090458573603624
213	0.8750163314802711
214	0.8124149323637591
215	0.188001294050828
216	0.9994203594553304
217	0.6330887599183004
218	0.08346705017572931
219	0.7255543554613124
220	0.9868214802051282
221	0.40181682221254356
222	0.6785150052419683
223	0.31617713722134233
224	0.2135246620646961
225	0.7173241433110372
226	0.0023575647193538884
227	0.8227314105314157
228	0.5283459768597928
229	0.09778434180065931
230	0.11890389478474583
231	0.6492654248961536
232	0.8736538239003423
233	0.27998274332687256
234	0.9785151867733981
235	0.10018068906370903
236	0.8539381095973382
237	0.39669617733090445
238	0.08134541676823415
239	0.2747138434192621
240	0.4529781848179143
241	0.7923415311856522
242	0.8613599036372361
243	0.13342055420254906
244	0.5208655284141989
245	0.6507832381497373
246	0.3470530145996015
247	0.8718638357105861
248	0.27840981521636055
249	0.01857432754559518
250	0.0406632736752609
251	0.6809967701112433
252	0.5583557360970469
253	0.946502554169996
254	0.9384387997349186
255	0.9098511774051025
256	0.04200453196734122
257	0.7491348233908631
258	0.7013248175948597
259	0.6553618646747296
260	0.7123576525162417
261	0.9027101506193307
262	0.6401411997932241
263	0.372449262972256
264	0.5379287837318205
265	0.20784410369082473
266	0.5871255046951435
267	0.008897082049078797
268	0.15102317386398778
269	0.3334083880298664
270	0.7896231589257826
271	0.7184994227715396
272	0.3382559700266786
273	0.6205381083165517
274	0.041202949506209285
275	0.16386054567557595
276	0.9819140701253054
277	0.28953085363586695
278	0.39479198298829066
279	0.5484842965725134
280	0.29340700145733656
281	0.47806466915102097
282	0.2397060836386239
283	0.04825636228829444
284	0.17958684904155564
285	0.5230502317000981
286	0.07086288409434749
287	0.4031691464450935
288	0.3285207100154869
289	0.4147216089714424
290	0.09940033823870109
291	0.9086575543967805
292	0.4740046511372964
293	0.8408483326276716
294	0.976229457649057
295	0.34365159365776776
296	0.4790865191519861
297	0.6995952911506185
298	0.42653532354402823
299	0.30190311621935595
300	0.7347509912186152
301	0.8943997782145745
302	0.9196888444316101
303	0.6267420468068673
304	0.3755713463285453
305	0.9745605214796941
306	0.6388785175004733
307	0.06583467727730097
308	0.08466956912011114
309	0.749869571783086
310	0.06115615654596607
311	0.007851005331251826
312	0.39380795178170946
313	0.5190037287013293
314	0.44854428559655457
315	0.48861880442715255
316	0.5848887019932744
317	0.6793025673721249
318	0.4230380735074225
319	0.3683314563344259
320	0.9884590580992895
321	0.26091653544625626
322	0.7771001545085096
323	0.43122102463204415
324	0.35852038200953895
325	0.06385794894382868
326	0.8635789443020424
327	0.7020041497619371
328	0.9030107075409272
329	0.4516117926868677
330	0.6769209668166035
331	0.11891028655385572
332	0.3979536016023134
333	0.20723197341708288
334	0.04210142789066196
335	0.94796135125632
336	0.21589436846535714
337	0.1463544898080057
338	0.19797004355794223
339	0.37803196431429753
340	0.5463912623151137
341	0.15133436847289106
342	0.9886898889857565
343	0.9829892105452821
344	0.14840201708602985
345	0.4059068831679489
346	0.6799294831100022
347	0.8776565829010952
348	0.49540592491118873
349	0.9170466727598151
350	0.3224603148813061
351	0.4984408914907503
352	0.4986465918650089
353	0.6700681513152942
354	0.2019913087994536
355	0.6097706104167804
356	0.21877309687215574
357	0.340220315051032
358	0.9625664632546818
359	0.8990080380310076
360	0.8181183809177941
361	0.035468261876012264
362	0.14836688246192975
363	0.2568819120719038
364	0.7841665681891542
365	0.8423333270773672
366	0.5829481802462215
367	0.7181316517768294
368	0.8070553799750758
369	0.06635913103778524
370	0.08464313683307012
371	0.8688953140043785
372	0.03941582937802879
373	0.22509065367649606
374	0.04063202664590093
375	0.015285139969726802
376	0.8439546856924078
377	0.3305943672500803
378	0.1606900602627206
379	0.1488194902889095
380	0.656083661770337
381	0.9685982716927071
382	0.5049996926056783
383	0.9010904768840049
384	0.5024285989524275
385	0.5738724774915492
386	0.6785713567893591
387	0.805109989032137
388	0.7578463822613826
389	0.9905325627055622
390	0.7469653891501328
391	0.9057807233528663
392	0.20610483206558328
393	0.535416304328581
394	0.5986142636674691
395	0.8256966171603538
396	0.4822135630659161
397	0.7910402117090956
398	0.3885688901501142
399	0.5863884555814496
400	0.8513166074810679
401	0.7980594711041583
402	0.6569845518861341
403	0.00024069652516689466
404	0.18196892218621108
405	0.5068577868511277
406	0.2544593984833793
407	0.06562084327273077
408	0.8598834221214616
409	0.9429470213131631
410	0.3028048781490337
411	0.40807316738486077
412	0.8100375338172869
413	0.06225875887122312
414	0.6409848625624502
415	0.12732081293278708
416	0.2870883399952252
417	0.829940686628406
418	0.0555270458896614
419	0.035933833430188966
420	0.4178660447962945
421	0.49183095909626395
422	0.8633251831082008
423	0.7171887463451895
424	0.6735438085995347
425	0.15137377239978678
426	0.9867059242186832
427	0.41114019628748133
428	0.6117708643248599
429	0.38668300553323576
430	0.04703291581184044
431	0.4708892090480652
432	0.15136775389483625
433	0.03246546237394399
434	0.6174004236810055
435	0.6299662912183356
436	0.10529282465636491
437	0.5491437662317772
438	0.3466679766399683
439	0.3834140731648874
440	0.7764198986996783
441	0.49031967752424566
442	0.8812766154122413
443	0.6101197429062234
444	0.4671884150380703
445	0.6323126400553846
446	0.3378653798287524
447	0.12432379252825243
448	0.6825296186925238
449	0.622037442746657
450	0.7885664913738635
451	0.1271091249471088
452	0.9117833181295222
453	0.799341211421814
454	0.9168874080910093
455	0.8725347217734669
456	0.681006446357057
457	0.8102508494373589
458	0.5190073092314018
459	0.7854891493606652
460	0.18912746785718504
461	0.7821141063572942
462	0.44457960405634067
463	0.756616221297365
464	0.4554702368121878
465	0.7895587282777832
466	0.07533958521856021
467	0.04464090542441246
468	0.9342895823715677
469	0.4861651007487351
470	0.9010713996489047
471	0.9447832518820701
472	0.6665111524556335
473	0.5717968260934746
474	0.21597938410680917
475	0.09347621929900818
476	0.8193942150822732
477	0.8887720676319878
478	0.7793957106948857
479	0.6985024327316249
480	0.42011111607482077
481	0.3053115900269564
482	0.11344489563770899
483	0.425970248072163
484	0.5660129742477574
485	0.9228805831375125
486	0.9357547693309531
487	0.41564119654091314
488	0.0992109880980957
489	0.7738187324714434
490	0.7342793416571158
491	0.03070084595190614
492	0.4467185991338365
493	0.6864181042985581
494	0.030134234552269934
495	0.9192823534016137
496	0.9622424865104192
497	0.72254277208884
498	0.0785385396518038
499	0.07032946587635569
500	0.3592533148212369
501	0.029377507756986443
502	0.3478777272843395
503	0.009964241312966027
504	0.9743235128409679
505	0.8190066990688627
506	0.07051761147818736
507	0.8934350918478603
508	0.20797804000401565
509	0.20479079826934998
510	0.6737591455288341
511	0.9382622681625481
512	0.12318812122923739
513	0.007184567252270457
514	0.3691301471700257
515	0.024650014436155776
516	0.6048482375805311
517	0.8591756086192088
518	0.1869917024228578
519	0.11239103583018406
520	0.34444960733861085
521	0.9591715206073138
522	0.13015769442868408
523	0.9665192604669938
524	0.36223986994484925
525	0.47337040276011155
526	0.29263198596497353
527	0.9371268442154698
528	0.9581478949874975
529	0.6359157065077434
530	0.18404555017515556
531	0.9929517886102871
532	0.10258043954691198
533	0.5808493815940804
534	0.15640306008300875
535	0.8976753141502056
536	0.9456783914956152
537	0.8043902980001079
538	0.3158914186681244
539	0.2428386899579852
540	0.7548584132190378
541	0.291059519145354
542	0.4197853778540753
543	0.04625567690264132
544	0.13223381043380655
545	0.020549620641776678
546	0.0779211200935358
547	0.07321114936486084
548	0.42023170217414685
549	0.5507771776374378
550	0.740878819870922
551	0.14228347384241602
552	0.4221887461694188
553	0.6369660374117204
554	0.08455569481893255
555	0.44481115514620384
556	0.3692560392397978
557	0.9489319289416618
558	0.05785711390101722
559	0.40862622118314806
560	0.41722547979620506
561	0.728180504599678
562	0.3206710028745039
563	0.20399027594623398
564	0.2933116551663051
565	0.4708875424493587
566	0.9502683295716211
567	0.7965170227633064
568	0.2769702457797433
569	0.5581815883930463
570	0.6882003035685332
571	0.7956571556821322
572	0.4461643839498476
573	0.398776905129706
574	0.7676407428212785
575	0.43171649556411207
576	0.2479576688970051
577	0.4534470315306477
578	0.9371046462904561
579	0.14256748821860132
580	0.4624353545272121
581	0.6373035243637815
582	0.48328798826810027
583	0.20363990437036994
584	0.0018431606156659175
585	0.698991711803439
586	0.6187355180234525
587	0.007776649435864202
588	0.2985601210181208
589	0.7686342595428415
590	0.6289203785446209
591	0.5452081159439722
592	0.1562211098090489
593	0.7062940429996885
594	0.4714349217158037
595	0.6781787462359636
596	0.7600898367234922
597	0.23236272144124515
598	0.7619950130977117
599	0.28008838468838926
600	0.9840151371182455
601	0.12083161078451865
602	0.8837180187440564
603	0.040547125043371324
604	0.256575818348144
605	0.5261019087624684
606	0.5816161834445946
607	0.3962349850280922
608	0.10203172822707107
609	0.2526080858247133
610	0.28339650386048865
611	0.7552228545587315
612	0.9087743252220071
613	0.5954099154864194
614	0.03545096569102746
615	0.7922364716417103
616	0.30560393283991993
617	0.33989040641624346
618	0.5301854376454147
619	0.24904704757555507
620	0.9199780878573697
621	0.1635547583408129
622	0.41483040050373277
623	0.2896919495072058
624	0.5198341022016146
625	0.5739818030823766
626	0.6271396891048426
627	0.5313758038379728
628	0.4108045023355995
629	0.634594012376466
630	0.40341287658681757
631	0.7785502590540477
632	0.7881774252549901
633	0.29225416811082217
634	0.37180432355577453
635	0.6288109059468862
636	0.15706996711565713
637	0.6970319309869248
638	0.3814277529807131
639	0.591062474757007
640	0.1395330992312218
641	0.6682583860975598
642	0.3540578606136997
643	0.4726655762072315
644	0.4151074008495357
645	0.47671524799509457
646	0.6946956329164442
647	0.31824017683207795
648	0.6520544808985483
649	0.060222107499701916
650	0.3001851524622099
651	0.7452096901500458
652	0.05240587806206365
653	0.6211421952822352
654	0.025546799267838538
655	0.4715288683099005
656	0.8885450437134765
657	0.010110093997603875
658	0.5268280206539229
659	0.06645682965886301
660	0.8671097761494883
661	0.6862965222396646
662	0.7419538566814291
663	0.669007579945888
664	0.006423453698145676
665	0.041177862257898545
666	0.6208768040220466
667	0.9996851255769114
668	0.8731472390917929
669	0.699685806725371
670	0.7270999543422898
671	0.2266870226016624
672	0.751613934135812
673	0.28792410486343756
674	0.10546026702239297
675	0.4608948954667579
676	0.33019577252961807
677	0.168255398651179
678	0.42170989251140467
679	0.8972009769638755
680	0.4352702732981688
681	0.4472918952497248
682	0.708827757444238
683	0.5241618701522923
684	0.12922303534199353
685	0.91039239754397
686	0.4441243361619651
687	0.7893377392253591
688	0.38887513002224416
689	0.806846018820692
690	0.3895364160074527
691	0.2201595216660458
692	0.19619466691666865
693	0.9400346443375104
694	0.58653025858102
695	0.04979326505826487
696	0.38834759617804915
697	0.234029260524927
698	0.08465706460929934
699	0.18675586852140846
700	0.05699047999950346
701	0.6380736282281027
702	0.17337386483746886
703	0.6107798762435255
704	0.6125067478912297
705	0.7049237107399368
706	0.5121186506114312
707	0.28442399033479826
708	0.8774574539285279
709	0.35307108172351365
710	0.4582943249787391
711	0.6318794317305464
712	0.5161242981674495
713	0.9564683485665337
714	0.9547176774381221
715	0.9297598506094263
716	0.9340763496652581
717	0.580960135568696
718	0.49020206373000297
719	0.7041168173823689
720	0.21541959298546798
721	0.26587203921552827
722	0.04380725363309168
723	0.16285754255803098
724	0.0038745499388105342
725	0.6546275765234981
726	0.14040698903568194
727	0.7866793455760521
728	0.680503995881725
729	0.9706757933544957
730	0.3965144869518913
731	0.9213919134510528
732	0.4537041723195332
733	0.3395037398362071
734	0.10233886991705377
735	0.8828321850718597
736	0.7947901585625868
737	0.3229289765350606
738	0.45574438492562896
739	0.32514346581324827
740	0.028829116538094723
741	0.04435252539911694
742	0.3687041258820589
743	0.20959132812878367
744	0.5245146032105923
745	0.1877850356496189
746	0.2016215864664097
747	0.6726678813176303
748	0.7356026567617159
749	0.31223209587410494
750	0.8599943994333726
751	0.2546391746557106
752	0.34394037628155716
753	0.712480390369609
754	0.04450290132920964
755	0.934183460116191
756	0.07233773178762537
757	0.4609310589380602
758	0.7246048259600892
759	0.04746853498479808
760	0.8090026856371774
761	0.9788933433114139
762	0.460511672795628
763	0.11812363628756806
764	0.08147699565547994
765	0.09873043616313526
766	0.7654413741364753
767	0.4140128484685186
768	0.9192341581990311
769	0.4406397760864845
770	0.07714331014460807
771	0.42693558751800065
772	0.7548278934255565
773	0.8293384268467949
774	0.039351686529191854
775	0.1803893912563338
776	0.490013452023644
777	0.12808547795160863
778	0.8710926419421733
779	0.9344608884461488
780	0.3195969983538176
781	0.43484368255202
782	0.5570540644200566
783	0.2855057910835891
784	0.5410756974595614
785	0.2011850454737838
786	0.2966412512769129
787	0.44178363318767744
788	0.604669902191143
789	0.5361650260862432
790	0.2609879767339395
791	0.23178787541805523
792	0.11873023670071103
793	0.7834936358921726
794	0.09890076646638046
795	0.7328850061793606
796	0.2487736956630997
797	0.28455698400578255
798	0.7360834330107994
799	0.6596207917216363
800	0.7419215555155583
801	0.5152830587943614
802	0.8590958196652707
803	0.12179389137547159
804	0.6451969614065052
805	0.11824431248865597
806	0.7372833681454282
807	0.3589046614584527
808	0.67488210437111
809	0.7034839134412817
810	0.6606084576410584
811	0.22155798032782648
812	0.8317998863873537
813	0.24013608742346748
814	0.5181532972121122
815	0.6746457541533513
816	0.23360317478475656
817	0.628511722983939
818	0.2868310479973286
819	0.1713823760843869
820	0.809748828526577
821	0.5531227700773604
822	0.32788470660885605
823	0.5854309472055399
824	0.025286397427288332
825	0.12982285676032723
826	0.3955808516982431
827	0.9757565794644123
828	0.5104745178761232
829	0.07645620506689521
830	0.7650406152494567
831	0.7814438709253152
832	0.7748021743948562
833	0.5694980380479538
834	0.6956987378694627
835	0.21345793631163135
836	0.7325605908939883
837	0.8161739873415944
838	0.7599665402219192
839	0.353462402585887
840	0.5910280505757086
841	0.6289893574898388
842	0.9008098536570839
843	0.1080138952733335
844	0.8339337708504084
845	0.5264355584690392
846	0.3586141205519373
847	0.4556029014937524
848	0.012635498930738787
849	0.22007359233142765
850	0.6527634200680049
851	0.660849279754449
852	0.4946989402863131
853	0.9533258805973196
854	0.4809150885494712
855	0.3139436595456605
856	0.8477808391956414
857	0.259158299397262
858	0.6043059930343495
859	0.7034188523223
860	0.8216962986917842
861	0.7853687501827489
862	0.3840923305137113
863	0.059180305962736934
864	0.03828786548344276
865	0.7264603879084595
866	0.9616913814068508
867	0.3431653742712939
868	0.44119509807551416
869	0.7257980157417766
870	0.6578312458538799
871	0.26010658848413604
872	0.6715848457987025
873	0.3049024195743838
874	0.3563579065620385
875	0.5395133052630944
876	0.7323138239267305
877	0.15121621156796483
878	0.021987210892938758
879	0.6278299544850219
880	0.024564677785836264
881	0.04496324071616853
882	0.22577557672213355
883	0.6538768733044555
884	0.06654509768602879
885	0.06240576762652772
886	0.9720932443736168
887	0.4226528937805498
888	0.8924289339928592
889	0.21652428395276402
890	0.4352131794546169
891	0.35803513461315506
892	0.17693553603496914
893	0.32881318575191665
894	0.9867958186960467
895	0.7473090097951195
896	0.3826682791831585
897	0.40928443439993156
898	0.2637409011550663
899	0.531336678598825
900	0.7356369121419466
901	0.686646615750601
902	0.46264983534131954
903	0.041939046716157
904	0.9215078064992686
905	0.4089338030960661
906	0.3902988670119316
907	0.0031101144891549914
908	0.13822721408191307
909	0.8688534175006787
910	0.513934596181303
911	0.7324348442226767
912	0.14816788643335854
913	0.33005100665524945
914	0.8401365565378639
915	0.8206585211774247
916	0.2467942680862406
917	0.021975308333072263
918	0.8064669735456029
919	0.16884400503942165
920	0.7876813921208954
921	0.6836592298851071
922	0.1683147603108942
923	0.0784886436699127
924	0.9276494299222889
925	0.5978783972833935
926	0.620510173056511
927	0.4575118028380537
928	0.15007097732228858
929	0.6019699129465877
930	0.2524728800375037
931	0.8058946560175415
932	0.732718954805416
933	0.027267185045511733
934	0.9324230096450348
935	0.03631604832667812
936	0.0896193188307074
937	0.2927345609042453
938	0.1508090604701401
939	0.2361450829166024
940	0.3558094886115547
941	0.7354997154547138
942	0.4047113607648444
943	0.2698397547254259
944	0.4923131536276696
945	0.39259324978876053
946	0.310764197486207
947	0.900541657866744
948	0.5504484509596044
949	0.9773275109747672
950	0.7729124093934382
951	0.570499297619577
952	0.26244658927686404
953	0.6868436562888387
954	0.45591771896977173
955	0.7213877150417534
956	0.40377880891106155
957	0.49600503631794757
958	0.02068376744575562
959	0.739958502320053
960	0.03427354435563068
961	0.6807253858476396
962	0.5820036955379622
963	0.7759176114881267
964	0.28977759923741564
965	0.6861108151233298
966	0.20709797563103816
967	0.5292720013578311
968	0.34028037925118015
969	0.9784545513570129
970	0.9718665573793185
971	0.20896973547336006
972	0.5660382358858294
973	0.3294426858782725
974	0.9685381870202809
975	0.9245259481865659
976	0.5861458530564896
977	0.7200844551084937
978	0.6813247567090696
979	0.353355632443361
980	0.91636156937516
981	0.899453536816357
982	0.33065846447807934
983	0.7473949106043586
984	0.009092126674448586
985	0.8163591105584419
986	0.5648693453979996
987	0.9523067127509502
988	0.3631930745481745
989	0.6257130749033707
990	0.3230024315033787
991	0.7827853814039997
992	0.6007029967830003
993	0.9874710229786893
994	0.0010127930964535237
995	0.14075874215813544
996	0.043601382090813434
997	0.1258478488128345
998	0.9293852970698306
999	0.9486082995058949
1000	0.4804125346981437
1001	0.9466893945947962
1002	0.818387610188399
1003	0.7786177341461099
1004	0.747281950803196
1005	0.18765458516959888
1006	0.5488772611027803
1007	0.4238792306088448
1008	0.949788047597888
1009	0.17383353806681645
1010	0.16985884355967462
1011	0.6588617536380149
1012	0.15740178957348283
1013	0.11005367295186075
1014	0.5039231973300066
1015	0.796660971220008
1016	0.6050456716470326
1017	0.7547539728480395
1018	0.2657585316255522
1019	0.28496283302929337
1020	0.42870364173152453
1021	0.990847884265713
1022	0.7179182565245089
1023	0.9462539572878983
1024	0.537870455736408
1025	0.5545598515713968
1026	0.9900903354753839
1027	0.18998827565888077
1028	0.7825904371715813
1029	0.7915138240285756
1030	0.8447416276181308
1031	0.7500527092169327
1032	0.15533301818854706
1033	0.661127632121674
1034	0.9237031845862264
1035	0.5632851524959844
1036	0.3609415103802872
1037	0.9495201486078587
1038	0.5615986504586717
1039	0.41163639453549183
1040	0.6141334980612769
1041	0.8041250166314531
1042	0.22830209061365048
1043	0.01569204302297844
1044	0.5290948970731422
1045	0.9413574200758085
1046	0.6802579626031922
1047	0.6309080001300065
1048	0.6278151474899732
1049	0.4969897122617175
1050	0.7309192697350546
1051	0.2491944400337247
1052	0.891754263952968
1053	0.2744726552452267
1054	0.9449450132107339
1055	0.9264967100320902
1056	0.07792452404752792
1057	0.44817970124433604
1058	0.7440362849370825
1059	0.44965407150807035
1060	0.5088990248364155
1061	0.8068239376717178
1062	0.7049921609492721
1063	0.9580042227229432
1064	0.16448599428307875
1065	0.9235592861863212
1066	0.9279862525071727
1067	0.6347489386405218
1068	0.9403908272970672
1069	0.25268558738542024
1070	0.8817872834036474
1071	0.7734792929601902
1072	0.6096889997106941
1073	0.09062924464806255
1074	0.030134353730962182
1075	0.01096949549411852
1076	0.2505580574481764
1077	0.7623524099431817
1078	0.3866250323922331
1079	0.7754467251552132
1080	0.6256424909314248
1081	0.3892618991218443
1082	0.8801466287862422
1083	0.03841723935819574
1084	0.465312990207844
1085	0.8298523393928158
1086	0.12681348297309336
1087	0.7104875615116192
1088	0.32811584191028165
1089	0.02430127857694553
1090	0.4737249308893109
1091	0.521692738945335
1092	0.04158625067384558
1093	0.5659193535517807
1094	0.34743383795783944
1095	0.004493207256296983
1096	0.19077338067656535
1097	0.11081067227867492
1098	0.5406219547324049
1099	0.043120163042338455
1100	0.9281325700980793
1101	0.8450619723983726
1102	0.9452976437314561
1103	0.31480103278643345
1104	0.9052673885618943
1105	0.984312422520035
1106	0.7647314342526466
1107	0.2750826135755835
1108	0.6708893041471536
1109	0.5956631537339799
1110	0.40420330216444333
1111	0.3060978540144266
1112	0.059848190567730275
1113	0.12538247475645914
1114	0.13395615600511968
1115	0.48089286465431025
1116	0.6418933847268948
1117	0.7640684524444807
1118	0.046713759972221824
1119	0.8237598726124178
1120	0.04347122329095843
1121	0.5549468300580123
1122	0.7441478498080107
1123	0.631221371794228
1124	0.949678675683002
1125	0.3446983531128357
1126	0.5858833552375392
1127	0.08279906273431636
1128	0.5597965879322987
1129	0.8132988010762888
1130	0.20160451382548072
1131	0.26096450036718066
1132	0.7004056402196938
1133	0.25388196693606324
1134	0.25924547402140496
1135	0.9355152879393015
1136	0.9985430308431146
1137	0.15519843069219807
1138	0.9001623872580004
1139	0.552726485973739
1140	0.038601142410517486
1141	0.5855027152371853
1142	0.641549650670755
1143	0.0337956987021093
1144	0.7576919221586004
1145	0.817800141474185
1146	0.07164324218695617
1147	0.6483999400661788
1148	0.4565474809027662
1149	0.2387212873419211
1150	0.4586703816224843
1151	0.15938970975228217
1152	0.33366590673229635
1153	0.6552072997009475
1154	0.4764855561518734
1155	0.5559200946775417
1156	0.5434427938045303
1157	0.8205942401116392
1158	0.3433827981536126
1159	0.8129620907818157
1160	0.07998708713040747
1161	0.4277330458726053
1162	0.352320116536872
1163	0.451580638705249
1164	0.8335098205362665
1165	0.5123994004879511
1166	0.9872466462948367
1167	0.8614607202751068
1168	0.11884674531302208
1169	0.3168915355616677
1170	0.022725501526886682
1171	0.7337534213446073
1172	0.019200804366837798
1173	0.8859385148247924
1174	0.19334286484226215
1175	0.4138362902804684
1176	0.06203930600614804
1177	0.3112548872587563
1178	0.3895149894928328
1179	0.052230973545080106
1180	0.7675506531778632
1181	0.7113497195255859
1182	0.35788362412452357
1183	0.835192553154071
1184	0.07742180234362261
1185	0.05400640100767218
1186	0.35498029443727297
1187	0.9018413321683949
1188	0.7564677019106462
1189	0.6723176785539303
1190	0.5627357352457344
1191	0.80376553873448
1192	0.41222669318814775
1193	0.030688579780824843
1194	0.8024042864453003
1195	0.1904934342897321
1196	0.3876588498360868
1197	0.3576093472265096
1198	0.12336562593420342
1199	0.3507843689720118
1200	0.17708687785091481
1201	0.6160138300848896
1202	0.6534343577697814
1203	0.013646552881622753
1204	0.45647585236099164
1205	0.5540526564867162
1206	0.8716629944357835
1207	0.49603131023446156
1208	0.08045043690485232
1209	0.051723879096013836
1210	0.8621090829516437
1211	0.7907294093349121
1212	0.8584479311516113
1213	0.262242667584096
1214	0.6479973607947307
1215	0.09571804729550981
1216	0.8265731117136212
1217	0.33361293642632384
1218	0.9551472373193942
1219	0.4713825655590471
1220	0.0330676969459045
1221	0.909055877600589
1222	0.6255321488137767
1223	0.2870812860118641
1224	0.03680389375035842
1225	0.37668639673062454
1226	0.15686055976460878
1227	0.5482803113458813
1228	0.14688367516218315
1229	0.1746142788181122
1230	0.920869485728258
1231	0.6401200345146435
1232	0.24258141177262083
1233	0.8788962806324696
1234	0.6247158298512584
1235	0.9455993400800832
1236	0.4829167944087076
1237	0.8879008339780402
1238	0.678443807349386
1239	0.04416855593342761
1240	0.24029049005859915
1241	0.2815764049334011
1242	0.17001668338644926
1243	0.23818695062460127
1244	0.22604014846400422
1245	0.8783437492009086
1246	0.4628987935430291
1247	0.8765118313236592
1248	0.1379978834577653
1249	0.5649184865561083
1250	0.013467678145623552
1251	0.9303014098379871
1252	0.005637114397734955
1253	0.3899076485519639
1254	0.8015859586891702
1255	0.9998815592294843
1256	0.019509740361318695
1257	0.8240854838738103
1258	0.510087959495908
1259	0.038182020539084705
1260	0.7771192709025531
1261	0.11190241257102229
1262	0.6114741872824333
1263	0.7783252161231047
1264	0.6735909267280185
1265	0.3798743247069636
1266	0.026441636821160075
1267	0.43626396781238774
1268	0.9136944836857255
1269	0.33292336546782575
1270	0.24795871915323087
1271	0.13783083382268813
1272	0.5102524550010475
1273	0.5333482727437294
1274	0.07304824240354912
1275	0.40775848601839615
1276	0.6586814548864428
1277	0.9660506851714608
1278	0.43154112171906467
1279	0.4360353368941353
1280	0.47113397256850664
1281	0.2250334912265638
1282	0.3948376420144343
1283	0.6452647259919572
1284	0.39705920905186254
1285	0.5813757484333044
1286	0.8355822879997544
1287	0.997967573075557
1288	0.8850396836294676
1289	0.3717966269131009
1290	0.02172713431740758
1291	0.6116045995026433
1292	0.4745507082101075
1293	0.23701711204858011
1294	0.040304099105049285
1295	0.3215702389727013
1296	0.7980713128356309
1297	0.9641190068878396
1298	0.10666013907247773
1299	0.8776394117814497
1300	0.04871767121707815
1301	0.7134758188756509
1302	0.026795713363172546
1303	0.4210496822819296
