======= Subtask A OK: Running the format checker with correct output.
2018-02-01 10:13:24,462 : INFO : Subtask A: Checking file: /Users/pgencheva/PycharmProjects/CLEF2018-facts/data/format_checker_tests/subtaskA_OK.txt
2018-02-01 10:13:24,464 : INFO : The file looks properly formatted.
=======
======= Subtask A WARNING: Running the format checker with some missing/skipper line_numbers.
2018-02-01 10:13:24,524 : INFO : Subtask A: Checking file: /Users/pgencheva/PycharmProjects/CLEF2018-facts/data/format_checker_tests/subtaskA_WARN_MISSING_ID.txt
2018-02-01 10:13:24,527 : INFO : The file looks properly formatted.
2018-02-01 10:13:24,527 : WARNING : You seem to have missing line_numbers in the provided list.
=======
======= Subtask A NOT OK: Running the format checker where line_numbers are separated with commas, not with new lines.
2018-02-01 10:13:24,594 : INFO : Subtask A: Checking file: /Users/pgencheva/PycharmProjects/CLEF2018-facts/data/format_checker_tests/subtaskA_NOTOK_SEP.txt
2018-02-01 10:13:24,595 : ERROR : Wrong line format: 295,449,200,919,594,691,471,77,205,486,577,540,971,464,372,926,773,648,163,104,805,342,443,728,337,680,91,467,875,349,234,516,393,764,140,424,547,412,407,898,980,175,608,762,2,993,877,664,755,539,841,572,404,113,322,733,705,209,645,714,298,375,220,105,625,169,88,46,793,336,920,786,250,52,426,282,580,534,98,266,817,129,318,33,596,644,711,428,69,111,284,274,969,861,487,279,830,970,402,659,489,948,658,676,456,128,977,247,546,339,912,951,192,704,638,760,350,784,219,369,275,968,450,772,848,526,745,978,119,65,156,80,390,62,500,92,706,6,844,50,619,871,931,657,740,957,195,423,794,579,576,767,942,679,998,289,712,506,585,373,515,173,616,601,368,314,592,383,505,145,235,851,752,324,840,278,323,14,448,661,820,333,950,26,484,901,791,992,286,138,850,611,381,283,536,846,116,232,520,836,334,419,227,346,463,757,229,688,466,297,491,916,639,609,897,510,624,583,779,563,974,335,258,635,607,224,238,164,994,883,761,405,603,903,921,906,304,558,380,842,864,329,972,141,756,533,165,766,216,567,93,941,168,242,778,743,185,313,952,361,12,589,684,905,363,700,986,429,627,831,945,640,867,944,990,214,668,939,253,556,960,595,889,183,401,955,667,725,59,421,550,432,835,966,695,647,45,352,927,653,177,204,685,170,686,387,852,218,182,782,18,83,315,634,82,847,223,984,5,143,985,723,470,377,632,882,771,114,364,202,331,241,196,959,722,409,597,612,256,188,379,19,476,741,392,549,949,973,630,860,834,717,134,321,400,818,123,796,394,454,122,665,300,277,262,7,943,514,41,856,469,481,124,21,447,736,555,198,441,924,439,814,888,698,230,482,646,617,937,884,893,865,365,408,327,562,551,53,457,581,683,303,167,446,964,68,629,765,252,535,20,654,422,268,730,399,522,857,147,587,504,662,544,215,754,694,715,150,166,281,87,78,690,746,554,148,588,265,586,737,445,881,191,591,739,808,953,498,359,276,312,896,810,240,413,431,863,125,517,474,328,797,866,193,887,718,932,403,27,270,63,222,488,703,101,503,560,651,872,731,633,769,376,221,492,935,770,815,721,355,933,708,879,197,356,545,438,707,73,434,748,790,395,269,509,384,161,670,569,529,996,582,118,233,803,287,806,673,85,257,159,51,418,459,435,157,738,353,641,787,397,485,132,468,162,811,127,58,455,878,958,437,833,28,981,94,622,907,954,354,940,126,720,117,983,90,81,22,102,734,614,299,16,599,735,417,29,982,72,273,326,320,391,870,613,86,724,726,61,70,946,261,524,208,839,213,120,642,812,508,744,759,719,67,557,499,559,669,301,880,76,497,854,343,398,236,655,821,106,604,115,176,823,605,171,24,853,671,677,414,74,892,433,615,538,997,158,610,828,406,23,442,716,38,307,584,967,411,440,267,494,813,525,71,876,99,370,189,271,530,228,155,237,146,310,308,832,804,923,988,415,915,962,523,458,75,309,39,110,149,30,47,144,702,293,636,862,288,35,444,382,427,709,789,8,795,999,142,100,4,345,366,899,776,246,259,479,672,207,325,152,729,212,462,995,512,43,460,578,781,527,570,255,827,938,666,31,824,542,203,747,822,137,801,151,40,600,751,451,493,347,211,798,753,501,34,184,362,109,900,859,338,357,210,727,961,628,416,108,305,914,107,49,929,385,294,48,225,496,54,490,987,311,565,678,518,800,25,909,963,928,280,136,341,249,79,643,319,568,574,260,895,9,991,989,244,239,172,783,420,480,561,799,626,699,502,344,837,785,956,96,84,902,130,965,976,918,263,663,780,348,410,593,885,378,291,908,674,37,553,855,696,10,809,1,749,537,637,511,251,692,66,201,351,461,742,573,371,710,360,187,367,911,388,543,317,621,472,802,777,660,532,290,548,453,44,60,306,389,264,296,874,425,868,631,139,231,816,513,332,452,374,763,849,56,178,190,316,564,606,97,292,687,825,618,873,36,750,131,272,17,15,552,947,930,792,477,894,133,732,575,199,826,478,330,112,226,358,913,775,838,302,623,774,693,154,179,598,697,507,936,55,11,649,675,174,656,858,186,910,473,652,843,245,788,979,602,590,121,386,396,206,465,285,541,922,713,650,819,566,103,194,181,891,519,475,934,64,180,917,886,243,904,528,95,42,869,925,829,160,758,681,3,890,620,135,13,248,571,217,483,521,768,495,975,340,701,807,32,430,57,531,89,436,254,845,689,682,153,
=======
======= Subtask A NOT OK: Running the format checker where the provided list of line_numbers contains duplicates.
2018-02-01 10:13:24,655 : INFO : Subtask A: Checking file: /Users/pgencheva/PycharmProjects/CLEF2018-facts/data/format_checker_tests/subtaskA_NOTOK_dup_line_number.txt
2018-02-01 10:13:24,676 : ERROR : Duplicated line_number in ranked line_numbers: 1133
=======
======= Subtask B OK: Running the format checker with correct output.
2018-02-01 10:13:24,750 : INFO : Subtask B: Checking file: /Users/pgencheva/PycharmProjects/CLEF2018-facts/data/format_checker_tests/subtaskB_OK.txt
2018-02-01 10:13:24,752 : INFO : The file looks properly formatted.
=======
======= Subtask B NOT OK: Running the format checker where the labels are different from TRUE, FALSE, HALF-TRUE.
2018-02-01 10:13:24,833 : INFO : Subtask B: Checking file: /Users/pgencheva/PycharmProjects/CLEF2018-facts/data/format_checker_tests/subtaskB_NOTOK_OTHER_LABELS.txt
2018-02-01 10:13:24,835 : ERROR : Wrong line format: 57	STRANGE_LABEL
=======
======= Subtask B WARNING: Running the format checker where some claim_numbers are missing from the file.
2018-02-01 10:13:24,954 : INFO : Subtask B: Checking file: /Users/pgencheva/PycharmProjects/CLEF2018-facts/data/format_checker_tests/subtaskB_WARN_MISSING_LABEL.txt
2018-02-01 10:13:24,955 : INFO : The file looks properly formatted.
2018-02-01 10:13:24,956 : WARNING : It seems you have missed a class in the predicted labels.
=======
======= Subtask B NOT OK: Running the format checker where the provided predictions contains duplicate claim_numbers with different labels.
2018-02-01 10:13:25,098 : INFO : Subtask B: Checking file: /Users/pgencheva/PycharmProjects/CLEF2018-facts/data/format_checker_tests/subtaskB_NOTOK_dup_claim_number.txt
2018-02-01 10:13:25,100 : ERROR : There is an already predicted label for claim_number 5 and it is different!
